Five-Day Reversal Factor Performance Detailed Metrics (2010-2022) [Before Neutralization]
========================================================================================================================
      NEXT_DAY_IC  NEXT_DAY_RankIC  NEXT_DAY_AbsIC  NEXT_DAY_AbsRankIC  NEXT_DAY_IC_Var  NEXT_DAY_RankIC_Var  NEXT_DAY_ICIR  NEXT_5DAY_IC  NEXT_5DAY_RankIC  NEXT_5DAY_AbsIC  NEXT_5DAY_AbsRankIC  NEXT_5DAY_IC_Var  NEXT_5DAY_RankIC_Var  NEXT_5DAY_ICIR  NEXT_20DAY_IC  NEXT_20DAY_RankIC  NEXT_20DAY_AbsIC  NEXT_20DAY_AbsRankIC  NEXT_20DAY_IC_Var  NEXT_20DAY_RankIC_Var  NEXT_20DAY_ICIR
Year                                                                                                                                 
                                                                                                                                     

2010      -0.0433          -0.0531          0.0483              0.0581           0.0009               0.0009        -1.5533       -0.0353           -0.0467           0.0403               0.0517            0.0026                0.0026         -0.8572        -0.0140            -0.0171            0.0190                0.0221             0.0020                 0.0024          -0.4233
2011      -0.0276          -0.0351          0.0326              0.0401           0.0006               0.0007        -1.2997       -0.0204           -0.0233           0.0254               0.0283            0.0011                0.0015         -0.7403        -0.0248            -0.0233            0.0298                0.0283             0.0027                 0.0024          -0.5148
2012      -0.0263          -0.0363          0.0313              0.0413           0.0006               0.0007        -1.1241       -0.0311           -0.0357           0.0361               0.0407            0.0019                0.0022         -0.7485        -0.0212            -0.0162            0.0262                0.0212             0.0027                 0.0030          -0.4753
2013      -0.0284          -0.0460          0.0334              0.0510           0.0002               0.0005        -2.2609       -0.0265           -0.0475           0.0315               0.0525            0.0007                0.0011         -0.9985        -0.0089            -0.0230            0.0139                0.0280             0.0012                 0.0015          -0.3163
2014      -0.0144          -0.0440          0.0194              0.0490           0.0002               0.0006        -0.9801       -0.0043           -0.0298           0.0093               0.0348            0.0004                0.0008         -0.2444         0.0002            -0.0109            0.0052                0.0159             0.0012                 0.0018          -0.0076
2015      -0.0238          -0.0369          0.0288              0.0419           0.0002               0.0005        -1.7621       -0.0282           -0.0381           0.0332               0.0431            0.0013                0.0012         -0.7604        -0.0240            -0.0293            0.0290                0.0343             0.0030                 0.0032          -0.5124
2016      -0.0160          -0.0304          0.0210              0.0354           0.0002               0.0003        -1.3899       -0.0313           -0.0397           0.0363               0.0447            0.0011                0.0009         -0.8419        -0.0324            -0.0347            0.0374                0.0397             0.0025                 0.0026          -0.6090
2017      -0.0077          -0.0265          0.0127              0.0315           0.0007               0.0011        -0.3109       -0.0044           -0.0117           0.0094               0.0167            0.0014                0.0023         -0.1195        -0.0128            -0.0100            0.0178                0.0150             0.0016                 0.0021          -0.3311
2018      -0.0168          -0.0227          0.0218              0.0277           0.0003               0.0004        -1.0525       -0.0174           -0.0214           0.0224               0.0264            0.0009                0.0008         -0.6674        -0.0268            -0.0221            0.0318                0.0271             0.0028                 0.0031          -0.6129
2019      -0.0158          -0.0234          0.0208              0.0284           0.0003               0.0003        -0.8634       -0.0205           -0.0317           0.0255               0.0367            0.0010                0.0015         -0.6253        -0.0269            -0.0339            0.0319                0.0389             0.0012                 0.0015          -0.8482
2020      -0.0076          -0.0216          0.0126              0.0266           0.0007               0.0007        -0.2551       -0.0038           -0.0177           0.0088               0.0227            0.0018                0.0017         -0.0687         0.0037            -0.0106            0.0087                0.0156             0.0024                 0.0029           0.0704
2021      -0.0107          -0.0212          0.0157              0.0262           0.0002               0.0003        -0.8632       -0.0148           -0.0240           0.0198               0.0290            0.0007                0.0009         -0.6315         0.0004            -0.0141            0.0054                0.0191             0.0018                 0.0024          -0.0876
2022      -0.0184          -0.0233          0.0234              0.0283           0.0075               0.0091         0.0442       -0.0200           -0.0222           0.0250               0.0272            0.0054                0.0078         -0.0433        -0.0231            -0.0335            0.0281                0.0385             0.0044                 0.0056          -0.1252


========================================================================================================================
Five-Day Reversal Factor Performance Detailed Metrics (2010-2022) [After Neutralization]
========================================================================================================================
      NEXT_DAY_IC  NEXT_DAY_RankIC  NEXT_DAY_AbsIC  NEXT_DAY_AbsRankIC  NEXT_DAY_IC_Var  NEXT_DAY_RankIC_Var  NEXT_DAY_ICIR  NEXT_5DAY_IC  NEXT_5DAY_RankIC  NEXT_5DAY_AbsIC  NEXT_5DAY_AbsRankIC  NEXT_5DAY_IC_Var  NEXT_5DAY_RankIC_Var  NEXT_5DAY_ICIR  NEXT_20DAY_IC  NEXT_20DAY_RankIC  NEXT_20DAY_AbsIC  NEXT_20DAY_AbsRankIC  NEXT_20DAY_IC_Var  NEXT_20DAY_RankIC_Var  NEXT_20DAY_ICIR
Year                                                                                                                                 
                                                                                                                                     

2010      -0.0429          -0.0525          0.0479              0.0575           0.0009               0.0009        -1.5612       -0.0344           -0.0457           0.0394               0.0507            0.0025                0.0026         -0.8522        -0.0125            -0.0155            0.0175                0.0205             0.0019                 0.0023          -0.4001
2011      -0.0274          -0.0349          0.0324              0.0399           0.0006               0.0007        -1.2964       -0.0201           -0.0231           0.0251               0.0281            0.0010                0.0014         -0.7247        -0.0240            -0.0227            0.0290                0.0277             0.0027                 0.0025          -0.4816
2012      -0.0258          -0.0358          0.0308              0.0408           0.0006               0.0007        -1.1098       -0.0301           -0.0348           0.0351               0.0398            0.0019                0.0022         -0.7207        -0.0194            -0.0148            0.0244                0.0198             0.0026                 0.0029          -0.4499
2013      -0.0279          -0.0454          0.0329              0.0504           0.0002               0.0005        -2.2361       -0.0255           -0.0466           0.0305               0.0516            0.0007                0.0011         -0.9719        -0.0070            -0.0213            0.0120                0.0263             0.0012                 0.0015          -0.2651
2014      -0.0140          -0.0435          0.0190              0.0485           0.0002               0.0006        -0.9522       -0.0036           -0.0287           0.0086               0.0337            0.0004                0.0008         -0.1934         0.0016            -0.0091            0.0066                0.0141             0.0012                 0.0018           0.0484
2015      -0.0224          -0.0354          0.0274              0.0404           0.0002               0.0005        -1.7017       -0.0257           -0.0354           0.0307               0.0404            0.0013                0.0012         -0.7136        -0.0194            -0.0244            0.0244                0.0294             0.0031                 0.0034          -0.4473
2016      -0.0154          -0.0296          0.0204              0.0346           0.0002               0.0003        -1.3415       -0.0302           -0.0382           0.0352               0.0432            0.0011                0.0009         -0.8067        -0.0304            -0.0328            0.0354                0.0378             0.0025                 0.0026          -0.5763
2017      -0.0080          -0.0269          0.0130              0.0319           0.0007               0.0011        -0.3267       -0.0050           -0.0126           0.0100               0.0176            0.0013                0.0022         -0.1428        -0.0143            -0.0119            0.0193                0.0169             0.0015                 0.0020          -0.3816
2018      -0.0164          -0.0225          0.0214              0.0275           0.0003               0.0004        -1.0413       -0.0165           -0.0206           0.0215               0.0256            0.0009                0.0008         -0.6572        -0.0253            -0.0211            0.0303                0.0261             0.0027                 0.0029          -0.6121
2019      -0.0156          -0.0232          0.0206              0.0282           0.0003               0.0003        -0.8653       -0.0201           -0.0315           0.0251               0.0365            0.0010                0.0014         -0.6192        -0.0265            -0.0340            0.0315                0.0390             0.0012                 0.0015          -0.8518
2020      -0.0078          -0.0218          0.0128              0.0268           0.0007               0.0007        -0.2642       -0.0044           -0.0184           0.0094               0.0234            0.0017                0.0016         -0.0848         0.0022            -0.0122            0.0072                0.0172             0.0021                 0.0026           0.0388
2021      -0.0102          -0.0208          0.0152              0.0258           0.0002               0.0003        -0.8219       -0.0138           -0.0230           0.0188               0.0280            0.0006                0.0008         -0.6071         0.0025            -0.0119            0.0075                0.0169             0.0016                 0.0023          -0.0341
2022      -0.0178          -0.0227          0.0228              0.0277           0.0076               0.0091         0.0520       -0.0189           -0.0211           0.0239               0.0261            0.0053                0.0077         -0.0328        -0.0214            -0.0317            0.0264                0.0367             0.0042                 0.0053          -0.1098